/*--------------------------------*- C++ -*----------------------------------*\
  =========                 |
  \\      /  F ield         | OpenFOAM: The Open Source CFD Toolbox
   \\    /   O peration     | Website:  https://openfoam.org
    \\  /    A nd           | Version:  7
     \\/     M anipulation  |
\*---------------------------------------------------------------------------*/
FoamFile
{
    version     2.0;
    format      ascii;
    class       volScalarField;
    location    "0";
    object      chi;
}
// * * * * * * * * * * * * * * * * * * * * * * * * * * * * * * * * * * * * * //

dimensions      [0 0 -1 0 0 0 0];

internalField   nonuniform List<scalar> 
5170
(
1
1
1
1
1
1
1
1
1
1
1
1
1
1
1
1
1
1
1
1
1
1
1
1
1
1
1
1
1
1
1
1
1
1
1
1
1
1
1
1
1
1
1
1
1
1
1
1
1
1
1
1
1
1
1
1
1
1
1
1
1
1
1
1
1
1
1
1
1
1
1
1
1
1
1
1
1
1
1
1
1
1
1
1
1
1
1
1
1
1
1
1
1
0.9999999995
0.9999999923
0.9999999959
0.999999888
0.9999967654
0.9998853774
0.9973799342
1
1
1
1
1
1
1
1
1
1
1
1
1
1
1
1
1
1
1
1
1
1
1
1
1
1
1
1
1
1
1
1
1
1
1
1
1
1
1
1
1
1
1
1
1
1
1
1
1
1
1
1
1
1
1
1
1
1
1
1
1
1
1
1
1
1
1
1
1
1
1
1
1
1
1
1
1
1
1
1
0.9999999999
1
1
1
1
0.9999984809
0.9999998375
0.9999999868
0.999999987
0.9999999935
0.9664702889
0.9978019539
0.9998539685
0.9998694386
0.9999171687
0
1.222807897e-13
0.2366718636
0.3223536142
0.3890779906
0.9997172282
0.995492042
0.3581543681
5.359892096e-96
0
0.9854639165
0.9181462994
1.726345859e-06
0
0
0.8676476637
0.4420223804
6.564491505e-42
0
0
0.3555025619
0.002610511119
6.976434867e-239
0
0
0.00052026599
1.293624495e-19
0
0
0
5.836789222e-24
1.496743346e-146
0
0
0
3.616058226e-171
0
0
0
0
0
0
0
0
0
0
0
0
0
0
0
0
0
0
0
0
0
0
0
0
0
0
0
0
0
0
0
0
0
0
0
0
0
0
0
0
0
0
0
0
0
0
0
0
0
0
0
0
0
0
0
0
0
0
0
5.325487148e-245
0
0
0
0
6.469022769e-175
0
0
0
0
4.777453202e-127
3.07086753e-268
0
0
0
7.95959554e-94
8.437698474e-189
0
0
0
2.20570894e-70
1.733818129e-135
3.214253635e-258
0
0
1.4307929e-53
5.497160943e-99
2.892766817e-185
4.69188909e-302
0
2.482270079e-41
1.572702875e-73
4.217750302e-135
2.265026208e-219
1.7781472e-318
2.684084801e-32
1.804586851e-55
4.954285476e-100
1.342303567e-161
6.05726836e-235
1.505904056e-25
1.849527727e-42
3.885932454e-75
1.184523675e-120
1.760083065e-175
1.889652865e-20
5.963372424e-33
3.295043824e-57
3.102581473e-91
1.286275553e-132
1.480974568e-16
6.593908264e-26
4.042136329e-44
8.002994935e-70
2.404892833e-101
1.511527889e-13
1.282258146e-20
1.957434424e-34
4.876340967e-54
2.953891888e-78
3.397783526e-11
1.35020074e-16
3.535322088e-27
2.90366411e-42
5.087025518e-61
2.451514452e-09
1.685182655e-13
1.121826467e-21
2.210665393e-33
5.098518247e-48
7.428066458e-08
4.312364503e-11
1.836291748e-17
1.287858234e-26
4.025676268e-38
1.149640968e-06
3.345464126e-09
3.325578081e-14
2.040802269e-21
1.600741713e-30
1.051786879e-05
1.045545566e-07
1.15366791e-11
2.18782378e-17
1.219718376e-24
6.361279472e-05
1.625531913e-06
1.145311973e-09
3.082543313e-14
4.724552784e-20
0.000277388312
1.472998162e-05
4.377198524e-08
9.301697928e-12
1.906852302e-16
0.0009329674929
8.768912859e-05
8.030786887e-07
8.630994479e-10
1.364797796e-13
0.002550378519
0.0003755063657
8.343478819e-06
3.224838132e-08
2.575205231e-11
0.005900546479
0.001239234982
5.558105927e-05
5.93904051e-07
1.724783049e-09
0.0119236134
0.003322598985
0.0002608880655
6.282845621e-06
5.13655893e-08
0.02157114763
0.007538394111
0.0009273404558
4.290221716e-05
8.0756601e-07
0.03562796739
0.01494060383
0.002639338645
0.0002068820962
7.650654369e-06
0.05457165852
0.02652247487
0.006281507562
0.0007553111879
4.838256525e-05
0.07850775955
0.04301958642
0.01293500715
0.002204746107
0.0002212597244
0.1071814101
0.06478133428
0.02367666409
0.005370643102
0.0007791158838
0.1400487304
0.09173967051
0.03936101704
0.01129464542
0.00221997023
0.1763738049
0.1234583949
0.06046161667
0.02106804602
0.005324058661
0.2153262822
0.1592314323
0.08701100211
0.03561718709
0.01109016862
0.2560609404
0.1981931638
0.1186317766
0.05552711902
0.02057610033
0.297775538
0.2394189631
0.1546285244
0.08095190957
0.03469842597
0.3397465171
0.282003286
0.1941045221
0.1116190929
0.05406134376
0.3813504334
0.3251147112
0.2360748193
0.146903973
0.0788608029
0.4220732843
0.3680306502
0.2795623545
0.185943806
0.1088788287
0.4615086523
0.4101511577
0.3236639689
0.2277543045
0.1435456163
0.499354174
0.4510040892
0.3675946733
0.2713344772
0.1820441047
0.5353957833
0.4902339205
0.4107047683
0.3157431897
0.2234233419
0.5695011891
0.527593631
0.4524844326
0.3601480586
0.2666977286
0.6015948173
0.5629206908
0.4925519705
0.403852684
0.3109306247
0.6316639053
0.5961351452
0.5306448701
0.4463006953
0.3552781201
0.6597152004
0.6272000965
0.5665906814
0.4870722304
0.3990312675
0.6858203953
0.6561527486
0.6003143796
0.5258736898
0.4416112115
0.7100101314
0.6830110135
0.6317685361
0.5625014789
0.4825776136
0.7324444676
0.7079175309
0.6610284075
0.5968803044
0.5216231732
0.7530946232
0.7308541617
0.6880674368
0.6289167531
0.5585107209
0.7723297184
0.7521725218
0.7131803197
0.6587840941
0.5932194161
0.790201492
0.7719519906
0.7364807206
0.6866016955
0.6258152486
0.8095079599
0.7929108548
0.7605157653
0.7146485192
0.6582188946
0.8441022013
0.8286864455
0.7984844154
0.755465883
0.7020998619
0.9998411091
0.9988957723
0.99589057
0.9884759671
0.988351618
0
0
0
0
0
0
0
0
0
0
0
0
0
0
0
0
0
0
0
0
0
0
0
0
0
4.038435699e-289
2.723752646e-216
1.266161642e-163
4.231424156e-125
1.345283834e-96
2.745268521e-75
3.388459936e-59
6.150791277e-47
1.606114814e-37
3.131507687e-30
1.520967614e-24
4.469941591e-20
1.535410182e-16
1.007632972e-13
1.827339027e-11
1.211376689e-09
3.633616319e-08
5.813473844e-07
5.63456131e-06
3.65458509e-05
0.0001715010924
0.000619357318
0.001807615482
0.004433065984
0.009425299974
0.01781479722
0.03054721069
0.04830700925
0.07140479976
0.09974522021
0.1328702572
0.1700487657
0.2103817246
0.252909535
0.2966863009
0.340854239
0.3846605283
0.4274935941
0.4688741949
0.50842999
0.5459900234
0.5815321879
0.6167239443
0.6625153571
0.9666704337
0
0
0
0
1.999086423e-233
0
0
0
0
0
0
0
0
0
0
0
0
0
0
0
0
0
0
0
0
0
0
0
0
0
0
0
0
0
0
0
0
0
0
0
0
0
0
0
0
0
0
0
0
0
0
0
0
0
0
0
0
0
0
0
0
0
0
0
0
0
0
0
0
0
0
0
0
0
0
0
0
0
0
0
0
0
0
0
0
0
0
0
0
0
0
0
0
0
0
0
0
0
0
0
0
0
0
0
0
0
0
0
0
0
0
0
0
0
0
0
0
0
0
0
0
0
0
0
0
0
0
0
0
0
6.640074968e-270
0
0
0
0
2.756339781e-205
5.73298166e-272
0
0
0
1.215626999e-157
1.627571252e-210
2.89383107e-260
1.878163564e-302
0
3.780409496e-122
3.26542272e-164
9.918756142e-205
3.217731094e-240
1.255066086e-268
1.856761349e-95
4.776254175e-129
4.560866687e-162
8.523899466e-192
1.673340463e-216
3.341032538e-75
3.931711089e-102
4.421326375e-129
6.320084097e-154
3.120952559e-175
1.046347175e-59
2.188183509e-81
1.997280112e-103
3.612629258e-124
1.944050644e-142
9.2364218e-48
2.740286056e-65
2.335433123e-83
1.125184329e-100
2.783208486e-116
1.742957298e-38
1.021446151e-52
1.423729843e-67
4.854499301e-82
2.422801475e-95
3.127212585e-31
7.758955799e-43
4.365432414e-55
3.462801863e-67
1.645706706e-78
1.61119633e-25
5.061332494e-35
3.738105872e-45
2.729840982e-55
6.341963214e-65
5.4345418e-21
8.36447521e-29
3.289497981e-37
1.025710511e-45
6.514389152e-54
2.225940859e-17
7.929787321e-24
8.032575165e-31
5.664310865e-38
5.957344903e-45
1.764191399e-14
8.02267629e-20
1.164998748e-25
1.098961642e-31
1.246689342e-37
3.856850265e-12
1.393504291e-16
1.805944074e-21
1.477105541e-26
1.255078578e-31
3.050488227e-10
5.991181603e-14
4.717571183e-18
2.338064262e-22
1.092310256e-26
1.076607774e-08
8.474241071e-12
2.966185624e-15
6.625179654e-19
1.310757661e-22
1.995102657e-07
4.921990114e-10
5.935386158e-13
4.676216398e-16
3.142961354e-19
2.20528467e-06
1.397633209e-08
4.714900278e-11
1.06968466e-13
2.028590864e-16
1.607095164e-05
2.226144828e-07
1.771177581e-09
9.778512714e-12
4.474578234e-14
8.358355518e-05
2.218359712e-06
3.617803542e-08
4.226188126e-10
4.090069211e-12
0.0003303870292
1.508526624e-05
4.492073434e-07
9.882654924e-09
1.81005281e-10
0.001043658333
7.504251764e-05
3.70822001e-06
1.394215393e-07
4.400054167e-09
0.00274280876
0.0002887550974
2.187399282e-05
1.295855768e-06
6.510059647e-08
0.006194267426
0.0008989972465
9.773909306e-05
8.523109559e-06
6.373967172e-07
0.01233984166
0.002348708132
0.0003468810014
4.205198353e-05
4.42300069e-06
0.02215004489
0.005304008834
0.001016326899
0.0001632353536
2.301055427e-05
0.03645146757
0.01060731117
0.002537338586
0.0005184502082
9.401865606e-05
0.05578142509
0.01916226323
0.00553983863
0.001391458205
0.0003134915233
0.08030907393
0.03178484688
0.01080672112
0.003241054135
0.0008805996585
0.1098304286
0.04906663188
0.0191722223
0.006698350506
0.002139785953
0.1438199475
0.07128278253
0.03139069849
0.0125106042
0.004597847124
0.1815256727
0.09837011738
0.04801936989
0.0214440377
0.008899715316
0.2220565672
0.1299445364
0.06932938018
0.03416429385
0.01575756425
0.2644943877
0.1653912459
0.09529368335
0.05114563213
0.02585907357
0.3079355788
0.2039126756
0.1255778199
0.07258708783
0.0397558842
0.3515842741
0.2446741008
0.1596496515
0.09843370186
0.05781024988
0.3947303402
0.2867844116
0.1967626028
0.1283268679
0.080102374
0.436817628
0.3294881512
0.2361814247
0.1617865523
0.1065248392
0.4774217765
0.3720195754
0.2770166841
0.1980532988
0.1366304144
0.5163992357
0.4140265716
0.318761223
0.2366220069
0.1700723109
0.5549657652
0.45600175
0.3613496802
0.2771071202
0.2063986572
0.6030478846
0.5061406163
0.4111887672
0.3243029966
0.2490878459
0.836807384
0.6782022812
0.4978960948
0.4003813315
0.314133949
0.2226966443
0.9986286912
0.9999897035
0.9999994904
0.9999999725
0.9999999963
0.9999999993
0.9999999998
1
1
1
1
1
1
1
1
1
1
1
1
1
1
1
1
1
1
1
1
1
1
1
1
1
1
1
1
1
1
1
1
1
1
1
1
1
1
1
1
1
1
1
1
1
1
1
1
1
1
1
1
0.1010682849
0.9971347727
0.9999724258
0.9999979352
0.9999998081
0.9999999671
0.9999999921
0.9999999978
0.9999999993
0.9999999998
0.9999999999
1
1
1
1
1
1
1
1
1
1
1
1
1
1
1
1
1
1
1
1
1
1
1
1
1
1
1
1
1
1
1
1
1
1
1
1
1
1
1
1
1
1
1
1
1
1
1
1
1
2.608783618e-15
0.9752388543
0.9998031456
0.9999900701
0.9999989363
0.9999997605
0.9999999287
0.9999999765
0.999999992
0.9999999973
0.9999999991
0.9999999997
0.9999999999
1
1
1
1
1
1
1
1
1
1
1
1
1
1
1
1
1
1
1
1
1
1
1
1
1
1
1
1
1
1
1
1
1
1
1
1
1
1
1
1
1
1
1
1
1
1
1
0
0.1025225789
0.9933083324
0.9996648837
0.9999771402
0.9999964088
0.9999990963
0.9999997264
0.9999999102
0.9999999695
0.9999999896
0.9999999965
0.9999999989
0.9999999997
0.9999999999
1
1
1
1
1
1
1
1
1
1
1
1
1
1
1
1
1
1
1
1
1
1
1
1
1
1
1
1
1
1
1
1
1
1
1
1
1
1
1
1
1
1
1
1
1
0
1.736473991e-62
0.7991121746
0.9962750025
0.9997027366
0.9999696718
0.9999936602
0.9999982505
0.9999994547
0.9999998195
0.9999999386
0.999999979
0.9999999929
0.9999999977
0.9999999993
0.9999999998
0.9999999999
1
1
1
1
1
1
1
1
1
1
1
1
1
1
1
1
1
1
1
1
1
1
1
1
1
1
1
1
1
1
1
1
1
1
1
1
1
1
1
1
1
1
1
0
0
1.826021011e-06
0.9443489905
0.9973774007
0.9997632224
0.9999638904
0.9999912834
0.9999974449
0.9999991794
0.9999997241
0.9999999053
0.9999999674
0.9999999889
0.9999999963
0.9999999988
0.9999999997
0.9999999999
1
1
1
1
1
1
1
1
1
1
1
1
1
1
1
1
1
1
1
1
1
1
1
1
1
1
1
1
1
1
1
1
1
1
1
1
1
1
1
1
1
1
0
0
1.262138683e-148
0.2830950742
0.981032537
0.9983023723
0.9998176707
0.9999629333
0.9999898846
0.9999968549
0.9999989562
0.9999996421
0.9999998758
0.999999957
0.9999999853
0.9999999951
0.9999999985
0.9999999995
0.9999999999
1
1
1
1
1
1
1
1
1
1
1
1
1
1
1
1
1
1
1
1
1
1
1
1
1
1
1
1
1
1
1
1
1
1
1
1
1
1
1
1
1
0
0
0
8.431227317e-22
0.7597050283
0.9902682847
0.9989466451
0.9998462187
0.9999631298
0.9999891229
0.9999964688
0.9999987962
0.99999958
0.9999998525
0.9999999485
0.9999999824
0.9999999941
0.9999999981
0.9999999994
0.9999999998
1
1
1
1
1
1
1
1
1
1
1
1
1
1
1
1
1
1
1
1
1
1
1
1
1
1
1
1
1
1
1
1
1
1
1
1
1
1
1
1
0
0
0
0
0.001506089878
0.9186073448
0.9942824943
0.9993238895
0.9998703594
0.9999650526
0.9999890558
0.999996311
0.9999987095
0.9999995413
0.9999998368
0.9999999426
0.9999999802
0.9999999934
0.9999999979
0.9999999994
0.9999999998
1
1
1
1
1
1
1
1
1
1
1
1
1
1
1
1
1
1
1
1
1
1
1
1
1
1
1
1
1
1
1
1
1
1
1
1
1
1
1
0
0
0
0
2.467901725e-68
0.3206214936
0.9670252761
0.996506561
0.9995373494
0.9998920178
0.9999680016
0.9999894426
0.9999963211
0.9999986832
0.9999995242
0.9999998287
0.9999999392
0.999999979
0.999999993
0.9999999978
0.9999999993
0.9999999998
1
1
1
1
1
1
1
1
1
1
1
1
1
1
1
1
1
1
1
1
1
1
1
1
1
1
1
1
1
1
1
1
1
1
1
1
1
1
0
0
0
0
0
9.506103635e-16
0.690207123
0.981537639
0.9979027505
0.9996453704
0.999907769
0.9999711552
0.9999901635
0.9999964943
0.9999987246
0.9999995337
0.9999998306
0.9999999395
0.999999979
0.999999993
0.9999999978
0.9999999993
0.9999999998
1
1
1
1
1
1
1
1
1
1
1
1
1
1
1
1
1
1
1
1
1
1
1
1
1
1
1
1
1
1
1
1
1
1
1
1
1
0
0
0
0
0
3.980542722e-183
0.0002237465449
0.8597838185
0.988614968
0.9986316672
0.99972459
0.999922759
0.9999749299
0.9999912614
0.9999968415
0.99999884
0.9999995731
0.9999998443
0.9999999443
0.9999999807
0.9999999936
0.999999998
0.9999999994
0.9999999998
1
1
1
1
1
1
1
1
1
1
1
1
1
1
1
1
1
1
1
1
1
1
1
1
1
1
1
1
1
1
1
1
1
1
1
1
0
0
0
0
0
0
3.32943421e-85
0.08323297824
0.930552248
0.9926218773
0.9990736324
0.9997888807
0.9999374811
0.9999791935
0.9999926579
0.9999973311
0.9999990178
0.9999996386
0.9999998684
0.9999999531
0.9999999838
0.9999999947
0.9999999983
0.9999999995
0.9999999999
1
1
1
1
1
1
1
1
1
1
1
1
1
1
1
1
1
1
1
1
1
1
1
1
1
1
1
1
1
1
1
1
1
1
1
0
0
0
0
0
0
1.270725808e-228
1.053570325e-29
0.4138050169
0.9625559448
0.9958373749
0.999360208
0.9998406003
0.9999510285
0.999983488
0.9999941622
0.9999978859
0.9999992272
0.9999997179
0.9999998982
0.9999999641
0.9999999877
0.999999996
0.9999999988
0.9999999996
0.9999999999
1
1
1
1
1
1
1
1
1
1
1
1
1
1
1
1
1
1
1
1
1
1
1
1
1
1
1
1
1
1
1
1
1
1
0
0
0
0
0
0
0
2.784065095e-141
1.66238723e-11
0.6705440996
0.977052515
0.9973514931
0.9995351308
0.9998783006
0.9999621918
0.9999872998
0.9999955588
0.9999984149
0.9999994298
0.9999997953
0.9999999273
0.9999999748
0.9999999915
0.9999999973
0.9999999992
0.9999999998
0.9999999999
1
1
1
1
1
1
1
1
1
1
1
1
1
1
1
1
1
1
1
1
1
1
1
1
1
1
1
1
1
1
1
1
1
0
0
0
0
0
0
0
1.442465038e-233
5.895572724e-88
4.133443468e-05
0.8106455937
0.9847347605
0.9981851784
0.9996511228
0.9999061517
0.9999709046
0.9999903653
0.9999966988
0.999998849
0.999999596
0.9999998585
0.9999999509
0.9999999834
0.9999999945
0.9999999983
0.9999999995
0.9999999999
1
1
1
1
1
1
1
1
1
1
1
1
1
1
1
1
1
1
1
1
1
1
1
1
1
1
1
1
1
1
1
1
1
0
0
0
0
0
0
0
3.935075292e-284
2.347638485e-161
1.603238358e-55
0.009234322139
0.8830955913
0.9891141459
0.9986738236
0.9997276896
0.9999257259
0.9999771897
0.9999925948
0.9999975268
0.9999991623
0.9999997148
0.9999999032
0.9999999675
0.9999999893
0.9999999966
0.999999999
0.9999999997
0.9999999999
1
1
1
1
1
1
1
1
1
1
1
1
1
1
1
1
1
1
1
1
1
1
1
1
1
1
1
1
1
1
1
1
0
0
0
0
0
0
0
2.717361052e-322
1.220218715e-203
1.594201033e-112
2.112573468e-35
0.09240291724
0.9231510181
0.9918420519
0.9989854862
0.9997806712
0.9999394854
0.9999815501
0.9999941106
0.9999980786
0.9999993674
0.9999997914
0.9999999316
0.9999999778
0.9999999929
0.9999999978
0.9999999994
0.9999999998
1
1
1
1
1
1
1
1
1
1
1
1
1
1
1
1
1
1
1
1
1
1
1
1
1
1
1
1
1
1
1
1
0
0
0
0
0
0
0
0
1.777280353e-233
3.734983211e-148
2.826386622e-79
7.821020771e-23
0.2708987537
0.9467808566
0.9941595767
0.9991937143
0.9998175264
0.9999489181
0.9999844302
0.9999950744
0.9999984185
0.9999994909
0.9999998368
0.9999999482
0.9999999838
0.999999995
0.9999999985
0.9999999996
0.9999999999
1
1
1
1
1
1
1
1
1
1
1
1
1
1
1
1
1
1
1
1
1
1
1
1
1
1
1
1
1
1
1
0
0
0
0
0
0
0
0
2.051126417e-258
1.782720282e-171
5.715508433e-109
2.820223952e-56
2.500826848e-14
0.4661397368
0.9616198982
0.9956781461
0.9993389978
0.9998434956
0.9999553324
0.9999862798
0.9999956581
0.9999986147
0.9999995598
0.9999998617
0.9999999573
0.9999999871
0.9999999962
0.9999999989
0.9999999997
0.9999999999
1
1
1
1
1
1
1
1
1
1
1
1
1
1
1
1
1
1
1
1
1
1
1
1
1
1
1
1
1
1
0
0
0
0
0
0
0
0
4.414476242e-276
1.014299645e-190
1.913734089e-127
8.801221334e-81
5.227307787e-40
2.647110649e-08
0.626749763
0.9715385404
0.9967114553
0.9994479796
0.9998633713
0.9999600807
0.9999875524
0.9999960243
0.9999987271
0.9999995967
0.9999998746
0.9999999619
0.9999999888
0.9999999968
0.9999999991
0.9999999998
0.9999999999
1
1
1
1
1
1
1
1
1
1
1
1
1
1
1
1
1
1
1
1
1
1
1
1
1
1
1
1
1
0
0
0
0
0
0
0
0
2.694370573e-286
5.5944944e-205
1.292850697e-142
1.043718401e-95
3.33486809e-60
2.041855109e-28
5.051497517e-05
0.7415537078
0.9784407909
0.9974477189
0.999535112
0.999880073
0.9999640698
0.9999885779
0.9999962961
0.9999988013
0.9999996181
0.9999998814
0.9999999643
0.9999999897
0.9999999971
0.9999999992
0.9999999998
1
1
1
1
1
1
1
1
1
1
1
1
1
1
1
1
1
1
1
1
1
1
1
1
1
1
1
1
1
0
0
0
0
0
0
0
0
2.453450762e-289
1.626247968e-213
5.081787188e-154
1.037232593e-107
1.663069501e-72
3.568243551e-45
3.33458004e-20
0.003860660355
0.8250382642
0.983773457
0.9980328549
0.9996132006
0.9998960141
0.9999679852
0.9999895938
0.9999965614
0.99999887
0.9999996361
0.9999998864
0.9999999659
0.9999999902
0.9999999973
0.9999999993
0.9999999998
1
1
1
1
1
1
1
1
1
1
1
1
1
1
1
1
1
1
1
1
1
1
1
1
1
1
1
1
0
0
0
0
0
0
0
0
2.62377834e-286
6.457088518e-217
3.588148182e-161
6.211989027e-117
4.642791005e-82
2.367500427e-55
4.572051773e-34
2.470899922e-14
0.04688751414
0.8846608274
0.9879983444
0.9985101428
0.9996849335
0.9999117638
0.9999720523
0.9999906985
0.9999968629
0.9999989512
0.9999996578
0.9999998923
0.9999999676
0.9999999908
0.9999999975
0.9999999994
0.9999999999
1
1
1
1
1
1
1
1
1
1
1
1
1
1
1
1
1
1
1
1
1
1
1
1
1
1
1
0
0
0
0
0
0
0
0
1.599369457e-278
4.304972574e-216
1.019738652e-164
4.500075041e-123
1.091339987e-89
4.63615322e-63
1.447043202e-42
9.276284092e-26
4.262583091e-10
0.1942686918
0.925892574
0.9918061238
0.9988911294
0.9997481702
0.9999265659
0.9999760811
0.9999918547
0.999997199
0.9999990485
0.9999996858
0.9999999004
0.99999997
0.9999999915
0.9999999977
0.9999999994
0.9999999999
1
1
1
1
1
1
1
1
1
1
1
1
1
1
1
1
1
1
1
1
1
1
1
1
1
1
0
0
0
0
0
0
0
6.175820573e-322
9.069232933e-265
1.921990134e-211
5.835546028e-165
2.032155097e-126
6.440347693e-95
1.908142398e-69
5.94198703e-49
5.771226974e-33
2.329134114e-19
4.759904182e-07
0.4085943348
0.9518976126
0.9945628605
0.9991735984
0.9997998751
0.9999394848
0.9999798128
0.9999929959
0.9999975547
0.9999991596
0.9999997203
0.9999999111
0.9999999733
0.9999999925
0.999999998
0.9999999995
0.9999999999
1
1
1
1
1
1
1
1
1
1
1
1
1
1
1
1
1
1
1
1
1
1
1
1
1
0
0
0
0
0
0
0
6.541425968e-294
8.337649894e-248
1.811252934e-203
2.063571021e-162
3.097008865e-127
6.183830389e-98
7.688930942e-74
3.272645442e-54
2.94193235e-38
1.464977741e-25
2.028288221e-14
6.772793335e-05
0.610010855
0.9686093358
0.9963636352
0.9993868362
0.9998428034
0.9999508875
0.9999832812
0.9999941157
0.9999979243
0.9999992821
0.9999997607
0.9999999242
0.9999999774
0.9999999937
0.9999999984
0.9999999996
0.9999999999
1
1
1
1
1
1
1
1
1
1
1
1
1
1
1
1
1
1
1
1
1
1
1
1
0
0
0
0
0
0
2.156504894e-305
4.7640035e-266
3.384660377e-228
2.335516265e-192
8.907823036e-158
4.30024062e-126
3.585274896e-99
1.254886768e-76
5.749108122e-58
1.24465219e-42
4.497456049e-30
6.619696405e-20
1.083816237e-10
0.002200408695
0.7676562809
0.9800443208
0.9976230705
0.9995558511
0.9998795803
0.9999611594
0.9999865282
0.9999952073
0.9999983002
0.9999994117
0.9999998048
0.9999999387
0.999999982
0.9999999951
0.9999999988
0.9999999997
0.9999999999
1
1
1
1
1
1
1
1
1
1
1
1
1
1
1
1
1
1
1
1
1
1
1
0
0
0
0
0
2.190337384e-301
4.057279068e-271
1.017864894e-239
1.066782384e-208
6.108082346e-179
2.308110739e-150
3.676845543e-123
8.661908227e-99
5.567247666e-78
1.869414811e-60
7.645880405e-46
1.001112616e-33
9.236006515e-24
1.472672995e-15
6.976722215e-08
0.03885162897
0.8709950716
0.9876276012
0.998482471
0.9996872015
0.9999105487
0.9999702805
0.9999895163
0.9999962416
0.999998666
0.9999995408
0.9999998493
0.9999999535
0.9999999866
0.9999999964
0.9999999991
0.9999999998
1
1
1
1
1
1
1
1
1
1
1
1
1
1
1
1
1
1
1
1
1
1
1
2.397486422e-289
1.133202818e-301
7.171644031e-304
8.418612695e-297
2.105235707e-282
1.031648679e-262
1.227380794e-239
8.15434525e-215
1.176667671e-189
4.013765737e-165
1.239592297e-141
1.031799589e-118
4.452496587e-97
4.514229444e-78
8.406130937e-62
4.932267765e-48
1.766816194e-36
8.221255298e-27
7.949181653e-19
4.241447433e-12
1.012183657e-05
0.204841225
0.9288902124
0.9922968911
0.999023669
0.9997811942
0.9999346935
0.9999778294
0.9999920953
0.9999971614
0.9999989988
0.9999996598
0.9999998903
0.9999999669
0.9999999907
0.9999999976
0.9999999994
0.9999999999
1
1
1
1
1
1
1
1
1
1
1
1
1
1
1
1
1
1
1
1
1
1
7.317733416e-236
4.592533975e-249
3.782943055e-254
1.643344679e-251
1.750842743e-242
1.422471293e-228
2.918848191e-211
7.041837139e-192
1.515222251e-171
3.151667747e-151
1.415516572e-131
8.890785366e-113
2.221850809e-94
3.392541656e-77
3.103594643e-62
2.245326178e-49
1.948368095e-38
3.391838901e-29
2.148643685e-21
5.845656879e-15
2.139281926e-09
0.0004148646189
0.4810958052
0.9616389801
0.9957340427
0.9993757018
0.999848912
0.999953244
0.9999838885
0.9999942353
0.9999979412
0.9999992836
0.9999997614
0.999999925
0.9999999779
0.999999994
0.9999999985
0.9999999996
0.9999999999
1
1
1
1
1
1
1
1
1
1
1
1
1
1
1
1
1
1
1
1
1
6.926111365e-193
4.406428985e-206
8.008595343e-213
3.394761952e-213
4.42922184e-208
1.450840736e-198
8.708854435e-186
7.969477045e-171
1.237372784e-154
5.053586601e-138
1.318331956e-121
9.772958642e-106
2.600151626e-90
2.042777273e-75
8.013633101e-62
6.029493154e-50
1.073553629e-39
6.223947572e-31
1.740383823e-23
3.70945622e-17
6.287652372e-12
3.065764038e-07
0.006342747092
0.7188482408
0.9792396898
0.9976118679
0.9995993308
0.9998962159
0.999966993
0.9999885565
0.9999959276
0.9999985657
0.9999995114
0.9999998415
0.9999999516
0.9999999862
0.9999999963
0.9999999991
0.9999999998
1
1
1
1
1
1
1
1
1
1
1
1
1
1
1
1
1
1
1
1
1
2.853338015e-158
6.34411697e-171
1.788659133e-178
8.151260707e-181
1.67484012e-178
2.631521721e-172
4.370492506e-163
1.084314981e-151
6.68769511e-139
2.178302681e-125
9.394520479e-112
2.016684579e-98
1.42368454e-85
6.978193847e-73
1.010488222e-60
7.626872079e-50
2.509992486e-40
4.332413376e-32
5.055249306e-25
5.407343713e-19
7.601322073e-14
1.640967143e-09
1.797475563e-05
0.04436484707
0.8587966537
0.9884870622
0.9986286446
0.9997410816
0.999929132
0.9999770639
0.9999920711
0.9999972191
0.999999042
0.9999996825
0.9999999002
0.9999999705
0.9999999918
0.9999999979
0.9999999995
0.9999999999
1
1
1
1
1
1
1
1
1
1
1
1
1
1
1
1
1
1
1
1
2.546764658e-130
3.927362752e-142
6.211020129e-150
1.669153985e-153
3.622283995e-153
1.881825135e-149
5.424204365e-143
1.891841414e-134
1.850906742e-124
1.366706339e-113
2.504010868e-102
4.473833091e-91
4.037071625e-80
1.546557401e-69
4.309822634e-59
3.231238399e-49
1.881517639e-40
9.119390201e-33
4.267500996e-26
2.368736824e-20
2.01336283e-15
3.310522642e-11
1.356257082e-07
0.0004272354133
0.2071746813
0.9339336799
0.9936600658
0.9992170697
0.9998349173
0.9999526064
0.999984479
0.9999946784
0.9999981708
0.9999993868
0.9999998031
0.9999999401
0.9999999828
0.9999999954
0.9999999988
0.9999999997
0.9999999999
1
1
1
1
1
1
1
1
1
1
1
1
1
1
1
1
1
1
1
1.090886186e-107
1.630592549e-118
3.35209419e-126
1.803850747e-130
1.749359079e-131
1.370886213e-129
3.006098406e-125
5.716385062e-119
2.936564471e-111
1.377368774e-102
2.261213597e-93
5.507758607e-84
1.055217845e-74
1.151008761e-65
8.831971421e-57
4.045975145e-48
3.995817129e-40
5.093310526e-33
8.921295673e-27
2.431553197e-21
1.226992232e-16
1.436087738e-12
4.402289729e-09
5.127906948e-06
0.005165130971
0.5164430817
0.9684336145
0.9965805391
0.9995405994
0.9998941365
0.9999686139
0.9999897086
0.9999965255
0.9999988361
0.9999996219
0.9999998826
0.9999999654
0.9999999904
0.9999999975
0.9999999994
0.9999999999
1
1
1
1
1
1
1
1
1
1
1
1
1
1
1
1
1
1
1
2.632313795e-89
4.23999361e-99
1.9018589e-106
4.777692411e-111
5.94509315e-113
2.223845399e-112
1.182614095e-109
3.700930034e-105
2.722567165e-99
1.937336927e-92
5.935853028e-85
3.899985934e-77
2.898833108e-69
1.509367283e-61
4.40136836e-54
1.226250568e-46
1.98558575e-39
6.613331791e-33
4.186494324e-27
5.373952309e-22
1.563477466e-17
1.200386024e-13
2.963692665e-10
2.333255247e-07
9.872417721e-05
0.03338152384
0.7656062077
0.9845502566
0.9982559711
0.9997250737
0.9999319849
0.9999794357
0.9999933041
0.9999977868
0.9999992802
0.9999997739
0.9999999322
0.9999999807
0.9999999948
0.9999999987
0.9999999997
0.9999999999
1
1
1
1
1
1
1
1
1
1
1
1
1
1
1
1
1
1
2.513380884e-74
4.21216353e-83
5.563146082e-90
1.167482975e-94
4.060137059e-97
1.766494448e-97
5.763549997e-96
7.338725279e-93
1.780730194e-88
4.012344475e-83
4.260317668e-77
1.155203386e-70
4.679473613e-64
1.848662962e-57
5.32575694e-51
1.081868027e-44
1.947898559e-38
1.721017413e-32
3.897687186e-27
2.295979945e-22
3.732894704e-18
1.840840101e-14
3.113959047e-11
2.104992329e-08
5.733647713e-06
0.001160356439
0.1282445998
0.8962511363
0.9921075894
0.9990706075
0.9998317988
0.9999560868
0.9999866162
0.9999957056
0.9999986176
0.9999995648
0.999999868
0.9999999617
0.9999999894
0.9999999972
0.9999999993
0.9999999998
1
1
1
1
1
1
1
1
1
1
1
1
1
1
1
1
1
1
4.458114902e-62
6.909621562e-70
3.12330005e-76
8.056377654e-81
1.370430603e-83
1.352695283e-84
5.543742679e-84
5.876912601e-82
9.303486977e-79
1.241023744e-74
7.976069393e-70
1.471323025e-64
4.940715316e-59
1.976280441e-53
6.855644961e-48
1.778797662e-42
4.270011874e-37
8.19331159e-32
6.627501003e-27
1.753984192e-22
1.547891416e-18
4.797107717e-15
5.64215881e-12
2.784797766e-09
6.496287911e-07
7.880098608e-05
0.008702898897
0.3447678085
0.9548055477
0.9958140795
0.9994870335
0.9998957017
0.9999716594
0.9999913668
0.9999972849
0.9999991515
0.9999997419
0.9999999244
0.9999999788
0.9999999943
0.9999999986
0.9999999996
0.9999999999
1
1
1
1
1
1
1
1
1
1
1
1
1
1
1
1
1
4.988435979e-52
6.069543683e-59
9.867970058e-65
3.996983205e-69
4.947213585e-72
1.829733651e-73
1.650368166e-73
2.602077607e-72
4.7401741e-70
6.34725787e-67
3.958811799e-63
7.451691233e-59
2.852255961e-54
1.569385287e-49
9.208601676e-45
4.577952356e-40
1.650018735e-35
6.283345892e-31
1.847291584e-26
2.184594747e-22
1.028191765e-18
1.964475073e-15
1.59570749e-12
5.91038185e-10
1.102693764e-07
1.090626964e-05
0.0006841033966
0.04204911258
0.6669877743
0.980168235
0.9978549333
0.9997120718
0.9999355361
0.9999819577
0.9999945307
0.9999983168
0.9999994895
0.9999998499
0.9999999575
0.9999999885
0.999999997
0.9999999993
0.9999999998
1
1
1
1
1
1
1
1
1
1
1
1
1
1
1
1
1
9.299527408e-44
7.393845587e-50
4.26501052e-55
3.143396568e-59
3.740659182e-62
7.538126712e-64
2.309528424e-64
8.581924106e-64
2.847782435e-62
5.939036648e-60
5.398219061e-57
1.491990668e-53
8.940090701e-50
8.567509293e-46
9.859803395e-42
1.099131464e-37
1.056693576e-33
9.157550285e-30
7.587357189e-26
4.076844404e-22
1.021638761e-18
1.190841224e-15
6.602205129e-13
1.81987943e-10
2.664969008e-08
2.278104624e-06
0.0001118276226
0.004196219941
0.1380635985
0.8596467876
0.9907889033
0.9989539066
0.9998330056
0.9999598788
0.9999886053
0.9999965873
0.9999989752
0.9999996987
0.9999999143
0.9999999766
0.9999999939
0.9999999985
0.9999999996
0.9999999999
1
1
1
1
1
1
1
1
1
1
1
1
1
1
1
1
6.262232973e-37
2.695635958e-42
5.22571582e-47
7.568327457e-51
1.045004132e-53
1.50826237e-55
2.18709505e-56
2.75764657e-56
2.425455233e-55
1.137591548e-53
2.123899848e-51
1.173243108e-48
1.442570339e-45
3.039874292e-42
8.707201035e-39
2.723940351e-35
7.824986718e-32
1.897935683e-28
4.744745093e-25
1.076228816e-21
1.445035832e-18
1.023986747e-15
3.841432317e-13
7.805739565e-11
8.942850593e-09
6.110248882e-07
2.68232299e-05
0.0007583282238
0.01947543048
0.319913629
0.9433287101
0.9954499112
0.9994589074
0.999900497
0.9999749034
0.999992859
0.9999979022
0.9999993878
0.9999998258
0.9999999522
0.9999999874
0.9999999968
0.9999999992
0.9999999998
1
1
1
1
1
1
1
1
1
1
1
1
1
1
1
1
2.825781279e-31
5.486710861e-36
3.310869369e-40
9.713560336e-44
1.762629629e-46
2.226208517e-48
1.972126034e-49
1.126667306e-49
3.558557752e-49
5.076780154e-48
2.599125922e-46
3.756423731e-44
1.208700751e-41
6.909258752e-39
5.706849764e-36
5.633816003e-33
5.714927407e-30
5.356783984e-27
4.401768184e-24
3.790193591e-21
2.760158868e-18
1.191140703e-15
3.007650924e-13
4.469508739e-11
3.993341556e-09
2.221135663e-07
8.072344738e-06
0.0002014407035
0.003689156866
0.06811095175
0.6082542715
0.9770261722
0.9976632981
0.9997104277
0.9999402411
0.9999844238
0.9999956001
0.9999987394
0.9999996439
0.9999999022
0.9999999741
0.9999999934
0.9999999984
0.9999999996
0.9999999999
1
1
1
1
1
1
1
1
1
1
1
1
1
1
1
1.405578639e-26
1.037052322e-30
1.783089429e-34
1.057478009e-37
2.720960663e-40
3.462689144e-42
2.26699701e-43
7.33966715e-44
1.060754577e-43
5.900172316e-43
1.057127314e-41
5.029156306e-40
5.215061234e-38
9.735386301e-36
2.739657494e-33
9.910083104e-31
3.949395773e-28
1.534891939e-25
5.472431011e-23
1.938091196e-20
6.771871316e-18
1.787624799e-15
3.028783227e-13
3.267852955e-11
2.261197936e-09
1.023955273e-07
3.138198346e-06
6.862728254e-05
0.001083088207
0.01412775206
0.181049004
0.8399882625
0.9902078616
0.9989133756
0.9998409505
0.9999643514
0.999990559
0.9999973752
0.99999927
0.9999998009
0.9999999473
0.9999999865
0.9999999967
0.9999999992
0.9999999998
1
1
1
1
1
1
1
1
1
1
1
1
1
1
1
1.149056341e-22
2.751233754e-26
1.228744418e-29
1.440010269e-32
5.482284656e-35
7.760759317e-37
4.336110293e-38
9.490265843e-39
7.637793296e-39
2.032861466e-38
1.561873392e-37
2.969911485e-36
1.189844463e-34
8.557073543e-33
9.474404004e-31
1.400797553e-28
2.431368838e-26
4.438092161e-24
7.801033467e-22
1.236071497e-19
2.078041795e-17
3.334850834e-15
3.809473635e-13
2.97798313e-11
1.588924487e-09
5.84074085e-08
1.510438728e-06
2.842551896e-05
0.0004099970904
0.004437611201
0.04433827924
0.3684377934
0.9403243767
0.995534122
0.999478954
0.9999105289
0.9999789357
0.9999944512
0.9999985012
0.9999995985
0.9999998948
0.9999999732
0.9999999934
0.9999999984
0.9999999996
0.9999999999
1
1
1
1
1
1
1
1
1
1
1
1
1
1
2.134544137e-19
1.438039229e-22
1.522221594e-25
3.402115826e-28
1.951559087e-30
3.282241794e-32
1.738340156e-33
2.942244146e-34
1.538450487e-34
2.310626028e-34
9.00607102e-34
8.075924586e-33
1.462388973e-31
4.677703741e-30
2.3184693e-28
1.574439053e-26
1.309399712e-24
1.195169727e-22
1.099286359e-20
9.715848697e-19
8.34123821e-17
7.398843974e-15
5.758906389e-13
3.278058754e-11
1.350086497e-09
4.024942694e-08
8.775704612e-07
1.426715305e-05
0.0001778960125
0.001768646242
0.01440597236
0.117878083
0.6073104994
0.9769620236
0.9978197263
0.9997360372
0.9999497809
0.9999880707
0.9999969561
0.9999992133
0.9999997985
0.9999999494
0.9999999876
0.9999999971
0.9999999993
0.9999999999
1
1
1
1
1
1
1
1
1
1
1
1
1
1
1.170496922e-16
1.952516128e-19
4.486227263e-22
1.831746588e-24
1.585269303e-26
3.302729644e-28
1.789391017e-29
2.597391594e-30
9.97864645e-31
9.679975089e-31
2.201914436e-30
1.070018751e-29
1.000110334e-28
1.61032365e-27
4.000548079e-26
1.378731764e-24
5.968398688e-23
2.965132513e-21
1.55766671e-19
8.077109545e-18
3.957999326e-16
2.007066802e-14
1.019067794e-12
4.25144294e-11
1.353269503e-09
3.266117502e-08
5.992239051e-07
8.446992751e-06
9.325539579e-05
0.0008316387576
0.006042825832
0.03866751614
0.2534735279
0.8496454756
0.9910730423
0.9990293778
0.9998694303
0.9999740188
0.9999940251
0.9999985591
0.9999996477
0.9999999139
0.9999999792
0.9999999951
0.9999999989
0.9999999998
0.9999999999
1
1
1
1
1
1
1
1
1
1
1
1
1
2.344758267e-14
8.646356565e-17
3.97156358e-19
2.828545719e-21
3.656544513e-23
9.665935828e-25
5.652950225e-26
7.607575731e-27
2.363950632e-27
1.650289782e-27
2.456782718e-27
7.267591786e-27
3.931555344e-26
3.555448965e-25
4.900629329e-24
9.397697069e-23
2.299112634e-21
6.622234649e-20
2.075053642e-18
6.664842213e-17
2.113958914e-15
6.41791768e-14
2.055005994e-12
6.330301371e-11
1.561705787e-09
3.049971533e-08
4.699182669e-07
5.735316985e-06
5.609695125e-05
0.0004488135909
0.003039301933
0.01706756012
0.09142234278
0.4498681753
0.947864811
0.9963171125
0.9995888402
0.9999404186
0.9999888147
0.999997645
0.9999994724
0.9999998776
0.9999999712
0.9999999933
0.9999999984
0.9999999997
0.9999999999
1
1
1
1
1
1
1
1
1
1
1
1
1
2.040359178e-12
1.504769715e-14
1.280759458e-16
1.517757264e-18
2.879866718e-20
9.765325484e-22
6.393593004e-23
8.453186837e-24
2.289558196e-24
1.254575561e-24
1.343064082e-24
2.665726093e-24
9.193010599e-24
5.121057057e-23
4.267505439e-22
4.924850255e-21
7.303441857e-20
1.297315179e-18
2.589226203e-17
5.456076422e-16
1.1519076e-14
2.365748615e-13
4.933932733e-12
1.05457753e-10
2.028799338e-09
3.216708468e-08
4.168748561e-07
4.410322544e-06
3.828586185e-05
0.00027580647
0.001677777662
0.00882940307
0.04075000735
0.193509449
0.6705213129
0.9816491356
0.9985168129
0.9998367951
0.9999779743
0.9999963702
0.9999993116
0.9999998556
0.9999999678
0.9999999926
0.9999999983
0.9999999996
0.9999999999
1
1
1
1
1
1
1
1
1
1
1
1
1
8.885477517e-11
1.200302825e-12
1.766611127e-14
3.326296796e-16
9.062784242e-18
3.949096857e-19
2.963826134e-20
4.017109627e-21
1.004884534e-21
4.632149978e-22
3.850906464e-22
5.560242712e-22
1.326540735e-21
4.933633585e-21
2.686191727e-20
2.006658254e-19
1.928381942e-18
2.241101853e-17
2.972560964e-16
4.252925482e-15
6.271145437e-14
9.225752611e-13
1.311499949e-11
1.958725639e-10
2.931879009e-09
3.78985218e-08
4.134815616e-07
3.788654973e-06
2.916949407e-05
0.0001898050874
0.001055865201
0.005120989974
0.02170352653
0.08526254752
0.3524179743
0.8861495946
0.9942410258
0.9995248541
0.999949319
0.9999939151
0.9999990903
0.9999998373
0.9999999669
0.9999999928
0.9999999984
0.9999999996
0.9999999999
1
1
1
1
1
1
1
1
1
1
1
1
1
2.174194169e-09
4.980983551e-11
1.190978068e-12
3.409022453e-14
1.30147519e-15
7.253253118e-17
6.326683181e-18
9.060556545e-19
2.187377992e-19
8.958946906e-20
6.155742093e-20
6.914153613e-20
1.222825536e-19
3.252550202e-19
1.235933679e-18
6.354518201e-18
4.18481772e-17
3.346361603e-16
3.088595235e-15
3.14061856e-14
3.35583791e-13
3.623237946e-12
3.870312017e-11
4.144815124e-10
4.602319619e-09
4.874974864e-08
4.491239265e-07
3.568278609e-06
2.436829667e-05
0.0001432698481
0.0007299684521
0.003264670917
0.0131195111
0.0465331456
0.1639483011
0.5541523137
0.9675729519
0.9984244478
0.9998825308
0.9999882497
0.9999986868
0.999999813
0.9999999669
0.9999999933
0.9999999985
0.9999999997
0.9999999999
1
1
1
1
1
1
1
1
1
1
1
1
1
3.28711528e-08
1.194052336e-09
4.385604459e-11
1.830879201e-12
9.54850851e-14
6.744998445e-15
6.884136492e-16
1.063905592e-16
2.562939595e-17
9.73976604e-18
5.818827533e-18
5.37468561e-18
7.467503589e-18
1.505922566e-17
4.229050585e-17
1.581509915e-16
7.519630077e-16
4.340143668e-15
2.907386826e-14
2.166145437e-13
1.72448011e-12
1.417562924e-11
1.169569634e-10
9.475404464e-10
7.949557126e-09
6.787074777e-08
5.306396549e-07
3.664624039e-06
2.223146849e-05
0.0001183040007
0.0005536587621
0.002293664988
0.008498586211
0.02853201732
0.08789830695
0.2917485411
0.787156961
0.9928541175
0.9997019688
0.9999806989
0.9999981371
0.9999997889
0.9999999684
0.9999999941
0.9999999988
0.9999999997
0.9999999999
1
1
1
1
1
1
1
1
1
1
1
1
1
3.32080646e-07
1.803746019e-08
9.680620258e-10
5.672317125e-11
3.939853854e-12
3.486087194e-13
4.169231649e-14
7.049281333e-15
1.736535878e-15
6.331101656e-16
3.423997699e-16
2.721039212e-16
3.116652137e-16
5.007355925e-16
1.091940872e-15
3.115252967e-15
1.118251678e-14
4.854290561e-14
2.451236484e-13
1.387390114e-12
8.504486188e-12
5.452650268e-11
3.554519242e-10
2.314804488e-09
1.496421118e-08
1.007571954e-07
6.714692558e-07
4.04311865e-06
2.182228606e-05
0.0001051496116
0.0004520771776
0.001739389161
0.006031102478
0.01911532959
0.05504242623
0.1536247608
0.4700856653
0.9494920312
0.9989790565
0.999967096
0.999997928
0.9999997786
0.9999999726
0.9999999953
0.999999999
0.9999999998
1
1
1
1
1
1
1
1
1
1
1
1
1
1
2.391151456e-06
1.845284706e-07
1.38423824e-08
1.098938024e-09
9.917388942e-11
1.08442604e-11
1.516229734e-12
2.828050671e-13
7.252103947e-14
2.603208529e-14
1.316538437e-14
9.344069467e-15
9.188174077e-15
1.226707804e-14
2.166879757e-14
4.914909115e-14
1.385914994e-13
4.698314093e-13
1.851464922e-12
8.207727035e-12
3.967484209e-11
2.030853994e-10
1.072203964e-09
5.708104421e-09
3.013601945e-08
1.626931778e-07
9.003219531e-07
4.744733263e-06
2.282998107e-05
9.971039102e-05
0.0003942358394
0.001411688594
0.004595232311
0.0137041506
0.03795698764
0.09628979113
0.2565476645
0.6734825351
0.9934137366
0.99992107
0.9999976399
0.9999998111
0.9999999782
0.9999999965
0.9999999993
0.9999999998
1
1
1
1
1
1
1
1
1
1
1
1
1
1
1.294734407e-05
1.357840593e-06
1.368730313e-07
1.425734776e-08
1.63279241e-09
2.175002102e-10
3.537818248e-11
7.309392338e-12
1.975504451e-12
7.119957136e-13
3.454202142e-13
2.256355378e-13
1.969207753e-13
2.263090569e-13
3.357366958e-13
6.277530137e-13
1.44047151e-12
3.943174652e-12
1.250985658e-11
4.470393255e-11
1.75069775e-10
7.322712498e-10
3.186350043e-09
1.412200393e-08
6.287813332e-08
2.767438426e-07
1.268649133e-06
5.877675267e-06
2.528403392e-05
0.0001002783392
0.0003651503287
0.001219042522
0.00373591789
0.01055149731
0.02764107242
0.06733268166
0.1554839641
0.4099364772
0.9262946914
0.9995899963
0.9999966111
0.9999998502
0.9999999833
0.9999999976
0.9999999995
0.9999999999
1
1
1
1
1
1
1
1
1
1
1
1
1
1
5.511265992e-05
7.55648893e-06
9.885101351e-07
1.312254913e-07
1.865234406e-08
2.982991477e-09
5.606924965e-10
1.284499442e-10
3.689109876e-11
1.354683914e-11
6.432631576e-12
3.963194888e-12
3.156330847e-12
3.217358014e-12
4.135137471e-12
6.575397741e-12
1.265635779e-11
2.879871709e-11
7.55860738e-11
2.232376899e-10
7.241426685e-10
2.520817891e-09
9.214469976e-09
3.465006326e-08
1.316591372e-07
4.992675452e-07
1.920881231e-06
7.593367133e-06
2.930549191e-05
0.0001057835393
0.0003551642443
0.001105789761
0.003190698146
0.008548207898
0.0213691255
0.05040709622
0.1105842722
0.2455398157
0.6100295639
0.9923903724
0.9999841372
0.9999998505
0.9999999868
0.9999999984
0.9999999997
0.9999999999
1
1
1
1
1
1
1
1
1
1
1
1
1
1
0.0001913815288
3.317011999e-05
5.4606887e-06
8.999299973e-07
1.555160479e-07
2.943305961e-08
6.343402427e-09
1.609412608e-09
4.936640868e-10
1.866868426e-10
8.8130373e-11
5.222880049e-11
3.883075324e-11
3.599284428e-11
4.114151033e-11
5.714386754e-11
9.476267774e-11
1.839893946e-10
4.096410385e-10
1.02376066e-09
2.811749458e-09
8.31399019e-09
2.595435896e-08
8.384008694e-08
2.757928351e-07
9.137622869e-07
3.012023245e-06
1.024466469e-05
3.540255496e-05
0.0001166579833
0.0003617459338
0.0010516049
0.002860924954
0.007286806246
0.01742315945
0.0393198476
0.0843727622
0.1715411253
0.383204082
0.8677508023
0.9995854704
0.9999994627
0.9999999896
0.9999999988
0.9999999998
1
1
1
1
1
1
1
1
1
1
1
1
1
1
1
0.0005591937743
0.0001189784303
2.399028195e-05
4.793879542e-06
9.881418289e-07
2.182579146e-07
5.348239065e-08
1.498490754e-08
4.921497835e-09
1.931122859e-09
9.171889252e-10
5.310797358e-10
3.755194612e-10
3.231731635e-10
3.359339108e-10
4.170805741e-10
6.098692665e-10
1.033473872e-09
1.994340742e-09
4.303421607e-09
1.019405103e-08
2.603300128e-08
7.043377589e-08
1.986208051e-07
5.745462634e-07
1.680890991e-06
4.926579275e-06
1.45640631e-05
4.424571908e-05
0.000133434063
0.0003830730954
0.00104185954
0.002676934861
0.006492469553
0.01488072425
0.03233708889
0.06702444706
0.131987926
0.2557677822
0.5656262671
0.984791707
0.9999866588
0.9999999786
0.9999999989
0.9999999999
1
1
1
1
1
1
1
1
1
1
1
1
1
1
1
0.00141072272
0.0003591953801
8.661444314e-05
2.054770638e-05
4.964324137e-06
1.262801856e-06
3.487884287e-07
1.074962288e-07
3.782895659e-08
1.548008362e-08
7.464055848e-09
4.275455565e-09
2.919180079e-09
2.373305246e-09
2.286134264e-09
2.587605426e-09
3.403746998e-09
5.135594775e-09
8.759742071e-09
1.66320613e-08
3.459679455e-08
7.759802245e-08
1.847737847e-07
4.601736598e-07
1.180374849e-06
3.080559557e-06
8.108754681e-06
2.132328193e-05
5.745286779e-05
0.0001576773697
0.0004203874062
0.001071555511
0.002602813468
0.006014544828
0.01322086755
0.02768932911
0.0554563134
0.1070025286
0.1955951376
0.374607701
0.7815856762
0.9991693487
0.9999995734
0.9999999987
0.9999999999
1
1
1
1
1
1
1
1
1
1
1
1
1
1
1
0.003140595196
0.0009359523044
0.0002642907351
7.304507797e-05
2.035749257e-05
5.889754522e-06
1.817798066e-06
6.133883232e-07
2.311277622e-07
9.894226138e-08
4.875152644e-08
2.789192076e-08
1.861443764e-08
1.45012e-08
1.314952538e-08
1.379768419e-08
1.661187767e-08
2.270842867e-08
3.482463982e-08
5.913241264e-08
1.096631111e-07
2.190680734e-07
4.64977216e-07
1.034848014e-06
2.385197946e-06
5.624062644e-06
1.341882348e-05
3.215039131e-05
7.743391549e-05
0.0001914898119
0.0004749589211
0.001136773465
0.002614661357
0.005765063869
0.01217350169
0.0246280541
0.04781354594
0.08926663502
0.1600065728
0.2758810424
0.535344687
0.9681223214
0.9999732977
0.9999999859
0.9999999999
1
1
1
1
1
1
1
1
1
1
1
1
1
1
1
0.006282392349
0.002149370079
0.0006976925897
0.0002208987283
6.99931993e-05
2.276408996e-05
7.784468955e-06
2.861244315e-06
1.152443267e-06
5.169310823e-07
2.615106407e-07
1.505610773e-07
9.918943297e-08
7.492403583e-08
6.481617113e-08
6.39643999e-08
7.155344521e-08
8.998056257e-08
1.259552292e-07
1.941291445e-07
3.256316488e-07
5.873736214e-07
1.12570764e-06
2.265299463e-06
4.732071583e-06
1.014012585e-05
2.208203859e-05
4.854291662e-05
0.0001069236067
0.0002402784543
0.0005503908371
0.001239833023
0.002703324949
0.005689078313
0.01153672537
0.02253222789
0.04240683076
0.07701988099
0.1353820449
0.2280674162
0.3868593805
0.717965589
0.9971065352
0.9999983616
0.999999999
1
1
1
1
1
1
1
1
1
1
1
1
1
1
1
0.01147007715
0.004429906762
0.001626356407
0.0005811252884
0.000206619718
7.473097479e-05
2.808467403e-05
1.118472774e-05
4.803928889e-06
2.258880864e-06
1.176990847e-06
6.857523012e-07
4.494359291e-07
3.32327299e-07
2.77290844e-07
2.604644764e-07
2.741674658e-07
3.213233038e-07
4.15992215e-07
5.895479236e-07
9.056454703e-07
1.492452359e-06
2.610819666e-06
4.797944644e-06
9.169515425e-06
1.805162048e-05
3.625727357e-05
7.367803621e-05
0.0001505887928
0.0003092224308
0.0006511008242
0.001382441329
0.002860979612
0.005751065461
0.01120390539
0.02112941971
0.03857230952
0.06822950038
0.1171986375
0.1960708628
0.3160438175
0.5346200794
0.9086113709
0.999691326
0.9999997176
0.9999999997
1
1
1
1
1
1
1
1
1
1
1
1
1
1
0.01935766309
0.008316090004
0.003403882164
0.001354410411
0.0005339883085
0.0002126452933
8.714268648e-05
3.740051205e-05
1.70805149e-05
8.416054174e-06
4.525599769e-06
2.679580003e-06
1.757919627e-06
1.282514692e-06
1.04176752e-06
9.41128324e-07
9.426271239e-07
1.041669799e-06
1.262050278e-06
1.663948542e-06
2.367639904e-06
3.603898514e-06
5.815132388e-06
9.855858371e-06
1.738811514e-05
3.165416143e-05
5.891984326e-05
0.0001113092122
0.0002122904503
0.0004065372013
0.0007927422383
0.001574480377
0.003096817296
0.005950339787
0.01113980745
0.02028751143
0.03592065786
0.06186268479
0.1037903446
0.170060638
0.2715406533
0.4281826669
0.7008344762
0.9803942482
0.9999220673
0.9999998377
0.9999999997
1
1
1
1
1
1
1
1
1
1
1
1
1
0.0305455035
0.01441151246
0.006494565074
0.002843956156
0.001230171915
0.0005344778415
0.0002371055489
0.0001090889098
5.280512987e-05
2.723589277e-05
1.513024876e-05
9.131212568e-06
6.024964483e-06
4.364284002e-06
3.477340484e-06
3.047298744e-06
2.931377342e-06
3.084384921e-06
3.53233179e-06
4.37649591e-06
5.826184699e-06
8.271515435e-06
1.242517595e-05
1.959054803e-05
3.216207813e-05
5.455228887e-05
9.489373565e-05
0.0001679711752
0.0003006109369
0.00054167862
0.0009819786499
0.001822938698
0.003416854657
0.00628424666
0.0113141879
0.01990202167
0.03416943257
0.05725768397
0.0937449995
0.1503215756
0.2371029815
0.3641455113
0.5605062986
0.8386430304
0.9966473847
0.9999845218
0.9999999509
0.9999999999
1
1
1
1
1
1
1
1
1
1
1
1
0.04546446596
0.02329278341
0.01142883336
0.005449694503
0.002561436647
0.001204042464
0.0005742569548
0.0002817716495
0.0001440852078
7.768009754e-05
4.45982434e-05
2.749279099e-05
1.831318266e-05
1.323921579e-05
1.0413496e-05
8.917903739e-06
8.30678143e-06
8.395222975e-06
9.17126406e-06
1.077769395e-05
1.354735983e-05
1.809939059e-05
2.552836703e-05
3.774921584e-05
5.811103973e-05
9.2480208e-05
0.0001511257567
0.0002518570693
0.0004254424808
0.0007249333298
0.001240991786
0.002161905732
0.003834112198
0.006759970893
0.01171639858
0.0199181942
0.03316823956
0.05407717329
0.08636701072
0.1353269339
0.2084926235
0.3157091797
0.4700871845
0.7043170501
0.9503870026
0.9993780758
0.9999964172
0.9999999856
1
1
1
1
1
1
1
1
1
1
1
1
0.06438899727
0.03547740366
0.01877053
0.009656609288
0.004889859709
0.002468152933
0.001257603227
0.0006548609208
0.0003525476196
0.0001983054871
0.0001176328309
7.416302847e-05
5.000396099e-05
3.622022635e-05
2.826696963e-05
2.37982313e-05
2.160987487e-05
2.113076587e-05
2.218840256e-05
2.492493974e-05
2.981452992e-05
3.777666028e-05
5.041133523e-05
7.042225908e-05
0.0001023475533
0.0001537923832
0.0002374825508
0.0003746358506
0.0005998817927
0.0009703335114
0.001581264768
0.002598273594
0.0043636328
0.007388982053
0.0123336376
0.0202680969
0.03273497607
0.05191745
0.08085923128
0.1237935244
0.186694351
0.2782998308
0.4059210267
0.586560572
0.8315434165
0.9918804792
0.999925678
0.9999995691
0.9999999982
1
1
1
1
1
1
1
1
1
1
1
0.08726700613
0.05125777205
0.02898827172
0.01595422933
0.00863560118
0.004647710613
0.002514978974
0.001383273922
0.0007813874489
0.0004576883108
0.0002803698777
0.0001809405146
0.000123760902
9.01276421e-05
7.009999751e-05
5.833231723e-05
5.195114499e-05
4.947680409e-05
5.028896634e-05
5.439164289e-05
6.236617429e-05
7.547789981e-05
9.594986878e-05
0.0001274606112
0.0001759826965
0.0002511572769
0.0003685091055
0.0005529704323
0.0008444383858
0.001305036809
0.00203116376
0.003174760135
0.005051913792
0.008180014137
0.01318323879
0.0209695058
0.03287206768
0.05073394612
0.07706990624
0.1152966168
0.1700823459
0.2477988894
0.3562693015
0.5036811547
0.7151732513
0.9372175225
0.9989465851
0.9999922795
0.9999999609
0.9999999999
1
1
1
1
1
1
1
1
1
1
0.1140473915
0.07089388915
0.04253910036
0.02486601403
0.01428906656
0.008149360272
0.004657889734
0.002693928153
0.001591267446
0.0009683373145
0.00061185114
0.0004041822672
0.0002807430922
0.000205970285
0.0001601351135
0.0001322026624
0.0001159930816
0.0001081293547
0.0001069585823
0.000112022119
0.0001238625935
0.0001440720525
0.0001755642011
0.0002231271961
0.0002943623804
0.0004011686555
0.000562034615
0.0008055047539
0.001175249468
0.001737062262
0.002592110768
0.003896063978
0.00591913771
0.009161175569
0.01424952876
0.0219370514
0.03338940163
0.05017111504
0.0743738789
0.1087817552
0.1571273641
0.2245163411
0.318196553
0.4416170625
0.6088597695
0.8382123269
0.9919692542
0.9999253559
0.9999995652
0.9999999981
1
1
1
1
1
1
1
1
1
1
0.1443925915
0.09430465059
0.05960520128
0.03674398053
0.0222663621
0.01337468422
0.008031552281
0.0048630054
0.002993661045
0.001888413311
0.00122944204
0.0008313826138
0.0005871260273
0.0004349179814
0.0003390540378
0.0002787940211
0.0002420789181
0.000222002816
0.0002148602229
0.0002191093017
0.0002348977215
0.0002639781446
0.0003099481323
0.0003788280627
0.0004800534046
0.0006280286035
0.0008444968094
0.001162096306
0.001629646859
0.002320099494
0.003337772977
0.004832192116
0.007025874219
0.01040751052
0.01564074109
0.0233633712
0.03456340423
0.05058849599
0.07319406286
0.1046651781
0.1479920879
0.2071325636
0.2872612539
0.3936562378
0.5312050997
0.7310564374
0.9499994709
0.9993552327
0.9999960474
0.9999999818
0.9999999999
1
1
1
1
1
1
1
1
1
0.1807666495
0.1232338677
0.08147550368
0.05259498024
0.03337560674
0.02097138108
0.01314612301
0.008283764348
0.005286191236
0.003440521614
0.002298966953
0.00158651139
0.001136560748
0.0008488716551
0.000663213103
0.0005433503395
0.0004674918445
0.0004226696173
0.0004014822731
0.0004002626589
0.0004181277014
0.000456617123
0.0005197862816
0.0006147107892
0.0007524650573
0.0009497257307
0.00123114964
0.001632696804
0.002206071145
0.003025303719
0.004197983738
0.005882703166
0.00830419328
0.01191174249
0.01733009769
0.02514747069
0.03621294616
0.0517321345
0.07322719156
0.1026258263
0.1423775242
0.1955658136
0.2658060354
0.3571818393
0.4699745289
0.6291844279
0.8601208876
0.9964098313
0.9999757284
0.9999998809
0.9999999995
1
1
1
1
1
1
1
1
1
0.2337808624
0.1641153784
0.1119052686
0.07455025857
0.04881647867
0.03162419268
0.02040559009
0.01320517604
0.008629056091
0.005731393673
0.003893270189
0.002720010757
0.001964209103
0.001472319182
0.001149479218
0.0009371553533
0.0007992754322
0.0007137765477
0.0006675312847
0.0006533700591
0.0006684222935
0.0007133277309
0.0007920817764
0.0009124304613
0.001086842029
0.001334158649
0.001682080268
0.00217079231
0.002858376898
0.003827967036
0.005195015877
0.007112740326
0.009789698749
0.01363010978
0.01928328035
0.02742820964
0.03882803088
0.05454299553
0.07594798712
0.1047592013
0.1430754702
0.1934274204
0.2588555844
0.3426485317
0.4449509825
0.5693450784
0.764139726
0.9757401822
0.9998350324
0.9999993225
0.9999999974
1
1
1
1
1
1
1
1
1
)
;

boundaryField
{
    inletCH4
    {
        type            calculated;
        value           uniform 1;
    }
    wallOutside
    {
        type            calculated;
        value           nonuniform List<scalar> 
70
(
1
1
1
1
1
1
1
1
1
1
1
1
1
1
1
1
1
1
1
1
1
1
1
1
1
1
1
1
1
1
1
1
1
1
1
1
1
1
1
1
1
1
1
1
1
1
1
1
1
1
1
1
1
1
1
1
1
1
1
1
1
1
1
1
1
1
1
1
1
1
)
;
    }
    wallTube
    {
        type            calculated;
        value           nonuniform List<scalar> 
61
(
1
1
1
1
1
1
1
1
1
1
1
1
1
1
1
1
1
1
0.9999999923
0.9973801513
0
1
1
1
1
1
1
1
1
1
1
1
1
1
1
1
1
0.9999999999
0.9999984817
0.9664881798
0
1
1
1
1
1
1
1
1
1
1
1
1
1
1
1
1
1
0.9999999935
0.9999172257
0.3905190325
)
;
    }
    inletPilot
    {
        type            calculated;
        value           uniform 1;
    }
    inletAir
    {
        type            calculated;
        value           nonuniform List<scalar> 
60
(
0.2022068553
0.9985368638
0.999989054
0.9999994865
0.9999999725
0.9999999963
0.9999999993
0.9999999998
1
1
1
1
1
1
1
1
1
1
1
1
1
1
1
1
1
1
1
1
1
1
1
1
1
1
1
1
1
1
1
1
1
1
1
1
1
1
1
1
1
1
1
1
1
1
1
1
1
1
1
1
)
;
    }
    outlet
    {
        type            calculated;
        value           nonuniform List<scalar> 
71
(
0.9999843235
0.9995874009
0.9974789898
0.9912937571
0.9902620495
0.9709510985
0.8513942804
0.6955432376
0.5141898599
0.4131281638
0.3238231707
0.2407083012
0.1687388557
0.1148801765
0.07640565988
0.04994439405
0.0322965096
0.0208009622
0.01343598555
0.008763615574
0.005810172574
0.00393981765
0.002747882882
0.001981175046
0.001482836672
0.001156121071
0.0009414210113
0.0008020499439
0.000715590204
0.0006687073667
0.0006541100338
0.000668856243
0.0007135458646
0.0007921564427
0.0009124347935
0.001086869983
0.001334351222
0.001682663769
0.002172136749
0.0028610868
0.003833025222
0.005204002264
0.007128119118
0.009815131986
0.01367121188
0.01934828533
0.02752910354
0.03898116338
0.05476966759
0.07627468271
0.1052169935
0.1436977307
0.194244517
0.2598850002
0.3438815507
0.4463182698
0.5707226097
0.7649687169
0.9757732447
0.9998350758
0.9999993226
0.9999999974
1
1
1
1
1
1
1
1
1
)
;
    }
    axis
    {
        type            empty;
    }
    frontAndBack_pos
    {
        type            wedge;
    }
    frontAndBack_neg
    {
        type            wedge;
    }
}


// ************************************************************************* //
